0 999999 1 0 0
1 999991 9 0 0
2 999975 25 0 0
3 999954 44 0 2
4 999923 72 0 5
5 999886 105 0 9
6 999838 148 0 14
7 999788 193 0 17
8 999721 258 0 16
9 999651 322 0 18
10 999573 395 0 18
11 999487 466 0 28
12 999398 548 2 31
13 999294 639 5 35
14 999178 741 5 44
15 999059 845 6 43
16 998933 958 4 53
17 998799 1082 3 54
18 998660 1211 3 50
19 998505 1355 2 48
20 998348 1497 1 49
21 998176 1649 4 55
22 998005 1801 3 65
23 997823 1962 4 73
24 997626 2143 4 73
25 997432 2316 2 79
26 997228 2504 2 75
27 997018 2704 2 65
28 996791 2905 4 73
29 996563 3114 5 68
30 996323 3330 7 74
31 996077 3557 4 86
32 995820 3785 6 89
33 995557 4016 8 101
34 995300 4249 9 102
35 995013 4504 10 111
36 994729 4762 9 111
37 994434 5028 9 110
38 994138 5296 8 116
39 993827 5582 8 110
40 993505 5884 8 103
41 993183 6174 6 108
42 992842 6490 4 106
43 992500 6797 6 114
44 992158 7105 6 128
45 991804 7426 6 127
46 991430 7768 8 130
47 991059 8107 7 130
48 990685 8445 7 132
49 990298 8802 10 126
50 989897 9177 8 124
51 989476 9555 10 132
52 989066 9918 8 145
53 988646 10306 7 151
54 988235 10670 10 167
55 987773 11104 10 154
56 987335 11510 8 139
57 986877 11934 5 143
58 986418 12355 6 136
59 985949 12772 10 156
60 985478 13193 9 173
61 984992 13642 8 174
62 984514 14080 7 178
63 983998 14558 6 169
64 983485 15028 8 159
65 982971 15489 10 172
66 982450 15971 9 171
67 981907 16460 11 184
68 981366 16942 14 199
69 980823 17438 15 194
70 980266 17948 13 203
71 979710 18447 12 209
72 979130 18974 14 204
73 978542 19508 13 213
74 977957 20045 10 215
75 977352 20609 11 197
76 976755 21166 11 186
77 976145 21718 12 188
78 975537 22278 11 186
79 974896 22856 16 204
80 974256 23432 19 225
81 973620 24015 16 224
82 972968 24606 11 241
83 972308 25196 15 249
84 971625 25814 13 255
85 970944 26431 14 262
86 970261 27045 17 262
87 969570 27666 19 264
88 968865 28302 21 264
89 968164 28948 17 260
90 967438 29607 14 264
91 966711 30269 11 264
92 965974 30943 15 256
93 965238 31619 13 259
94 964493 32299 12 255
95 963746 32991 9 245
96 962987 33668 15 262
97 962218 34374 19 259
98 961446 35070 23 265
99 960645 35802 30 269
100 959831 36538 25 276
101 959023 37290 22 276
102 958215 38018 22 284
103 957409 38769 20 279
104 956571 39533 20 270
105 955757 40277 18 283
106 954890 41068 27 270
107 954044 41847 26 281
108 953177 42656 21 270
109 952318 43431 24 279
110 951437 44252 19 277
111 950557 45028 17 315
112 949664 45859 15 316
113 948771 46666 17 319
114 947854 47507 19 328
115 946918 48344 29 311
116 946020 49164 25 329
117 945068 50027 27 332
118 944131 50890 20 339
119 943196 51743 14 338
120 942234 52622 18 335
121 941274 53475 21 352
122 940306 54376 17 342
123 939313 55273 21 346
124 938355 56144 25 350
125 937334 57082 28 326
126 936328 57996 26 349
127 935325 58903 30 349
128 934307 59836 29 352
129 933267 60788 27 362
130 932240 61720 28 362
131 931202 62677 25 354
132 930139 63629 26 378
133 929092 64593 20 377
134 928025 65575 16 372
135 926954 66552 18 380
136 925858 67539 24 373
137 924770 68544 24 367
138 923676 69538 26 376
139 922555 70573 26 370
140 921454 71580 23 364
141 920315 72607 25 391
142 919192 73622 24 402
143 918059 74640 27 428
144 916907 75689 27 434
145 915751 76737 29 430
146 914599 77781 29 429
147 913397 78870 31 428
148 912227 79942 31 423
149 911053 81018 30 416
150 909832 82132 33 412
151 908645 83209 25 419
152 907445 84292 21 442
153 906207 85398 24 472
154 905000 86492 23 482
155 903764 87616 27 472
156 902517 88764 30 447
157 901263 89896 33 437
158 900013 91046 29 427
159 898728 92200 34 445
160 897457 93362 29 463
161 896178 94522 32 460
162 894872 95701 35 480
163 893572 96882 36 472
164 892286 98050 38 474
165 890961 99260 33 478
166 889630 100474 34 470
167 888293 101691 32 474
168 886966 102909 28 471
169 885614 104130 28 482
170 884261 105364 30 483
171 882899 106608 31 478
172 881529 107856 31 487
173 880134 109128 35 475
174 878759 110400 27 469
175 877368 111684 19 467
176 875984 112937 22 473
177 874572 114213 28 484
178 873163 115493 32 498
179 871724 116818 36 493
180 870294 118129 33 487
181 868825 119466 33 489
182 867393 120768 32 495
183 865936 122084 31 527
184 864461 123407 34 554
185 862984 124768 37 535
186 861480 126154 39 520
187 860032 127486 35 498
188 858521 128867 34 480
189 856996 130248 36 509
190 855493 131638 31 511
191 853958 133051 29 515
192 852413 134467 26 516
193 850905 135846 29 500
194 849349 137254 37 522
195 847795 138661 40 542
196 846243 140075 43 545
197 844634 141571 32 543
198 843086 142980 30 544
199 841501 144431 27 537
200 839895 145907 26 533
201 838287 147375 30 545
202 836706 148804 34 552
203 835087 150284 38 550
204 833460 151742 49 577
205 831823 153245 45 579
206 830169 154774 45 556
207 828545 156264 40 560
208 826882 157780 34 555
209 825203 159328 45 537
210 823522 160868 43 555
211 821852 162409 43 545
212 820154 163964 38 540
213 818457 165530 31 558
214 816750 167099 30 554
215 815041 168673 33 557
216 813310 170239 37 570
217 811567 171831 39 581
218 809856 173369 40 614
219 808082 174986 37 642
220 806319 176587 42 638
221 804594 178163 44 636
222 802807 179797 39 622
223 801037 181405 41 622
224 799245 183030 41 632
225 797459 184663 35 644
226 795657 186297 40 649
227 793849 187947 43 644
228 792040 189569 48 659
229 790231 191234 42 650
230 788371 192925 46 652
231 786541 194602 47 649
232 784690 196273 49 645
233 782821 197980 49 657
234 780962 199677 51 652
235 779090 201399 46 655
236 777211 203122 43 636
237 775306 204866 42 636
238 773408 206591 42 649
239 771507 208330 46 652
240 769616 210057 46 657
241 767669 211866 45 634
242 765761 213617 36 627
243 763804 215412 44 623
244 761858 217183 36 642
245 759907 218959 34 680
246 757942 220747 31 694
247 755986 222514 36 724
248 754013 224312 53 699
249 752031 226128 56 685
250 750056 227945 55 664
251 748027 229810 50 649
252 746022 231637 40 679
253 744011 233451 35 718
254 741990 235264 38 764
255 739945 237133 40 769
256 737889 239007 47 756
257 735848 240876 46 727
258 733791 242751 47 703
259 731711 244642 49 716
260 729654 246535 48 706
261 727594 248399 53 724
262 725486 250322 50 731
263 723388 252238 49 727
264 721289 254152 53 743
265 719159 256098 45 744
266 717041 258048 49 720
267 714916 259997 51 711
268 712792 261936 49 717
269 710635 263905 54 708
270 708493 265870 53 722
271 706327 267844 57 736
272 704147 269834 55 741
273 701972 271822 53 747
274 699789 273811 44 772
275 697590 275848 44 746
276 695363 277902 44 727
277 693203 279878 42 724
278 690979 281879 52 734
279 688729 283927 52 774
280 686500 285985 47 777
281 684262 288027 49 785
282 682006 290085 47 772
283 679754 292116 61 777
284 677508 294168 51 805
285 675215 296243 64 816
286 672945 298333 60 800
287 670634 300441 57 799
288 668354 302525 51 797
289 666065 304630 43 784
290 663726 306753 43 816
291 661416 308859 54 803
292 659065 311008 48 809
293 656769 313092 52 825
294 654377 315292 53 800
295 652056 317428 54 791
296 649669 319616 54 782
297 647333 321734 54 792
298 644957 323880 55 830
299 642590 326034 51 863
300 640170 328266 56 847
301 637755 330463 60 843
302 635366 332647 55 824
303 632944 334863 53 815
304 630510 337084 52 846
305 628081 339283 50 864
306 625640 341513 45 870
307 623198 343733 51 878
308 620743 345984 57 862
309 618284 348227 56 847
310 615764 350515 61 858
311 613311 352747 59 865
312 610802 355026 52 904
313 608324 357284 48 911
314 605800 359559 59 922
315 603308 361821 55 933
316 600791 364116 52 921
317 598226 366443 66 921
318 595712 368719 63 924
319 593179 371051 56 898
320 590620 373378 57 904
321 588065 375696 61 913
322 585463 378061 64 906
323 582887 380416 68 915
324 580360 382749 50 896
325 577738 385137 46 901
326 575137 387505 55 891
327 572505 389913 63 890
328 569927 392264 59 909
329 567286 394679 62 894
330 564631 397090 61 915
331 562007 399483 58 933
332 559365 401861 60 964
333 556697 404303 60 967
334 554039 406752 60 931
335 551382 409153 64 949
336 548679 411623 67 917
337 545994 414042 60 964
338 543316 416480 60 995
339 540630 418910 60 999
340 537918 421378 66 1007
341 535167 423876 76 977
342 532435 426360 83 978
343 529692 428842 79 987
344 526957 431364 63 978
345 524194 433884 58 983
346 521426 436437 49 966
347 518674 438938 57 944
348 515925 441445 54 960
349 513126 443991 64 955
350 510325 446554 66 967
351 507534 449110 61 964
352 504710 451710 62 942
353 501902 454243 63 973
354 499105 456812 60 968
355 496240 459417 68 980
356 493381 462024 70 1007
357 490542 464615 58 993
358 487708 467223 50 996
359 484821 469835 56 1013
360 481949 472430 55 1041
361 479086 475059 58 1012
362 476170 477737 52 1022
363 473284 480373 57 998
364 470407 482991 60 976
365 467478 485659 65 1001
366 464570 488317 63 1009
367 461628 490988 60 1038
368 458708 493660 61 1029
369 455757 496344 66 1035
370 452812 499016 68 1054
371 449822 501766 72 1016
372 446875 504432 73 1049
373 443876 507180 72 1039
374 440906 509877 70 1043
375 437935 512584 67 1074
376 434916 515352 69 1043
377 431910 518081 70 1067
378 428911 520833 55 1054
379 425876 523587 59 1064
380 422838 526372 64 1063
381 419816 529155 64 1026
382 416775 531925 64 1035
383 413710 534717 64 1031
384 410627 537513 77 1057
385 407574 540277 74 1110
386 404506 543112 66 1080
387 401417 545945 69 1060
388 398311 548824 63 1019
389 395226 551638 54 1007
390 392100 554475 65 1044
391 388991 557263 83 1094
392 385851 560099 82 1166
393 382717 562967 83 1151
394 379581 565844 84 1131
395 376429 568725 79 1104
396 373254 571616 74 1088
397 370104 574494 77 1092
398 366957 577375 71 1106
399 363756 580287 74 1116
400 360573 583191 77 1103
401 357376 586090 74 1135
402 354172 589015 67 1149
403 350910 592018 66 1123
404 347706 594933 71 1131
405 344490 597862 67 1121
406 341246 600813 63 1132
407 337984 603828 51 1131
408 334725 606783 51 1151
409 331479 609727 64 1149
410 328206 612702 65 1149
411 324950 615647 65 1201
412 321645 618666 73 1175
413 318365 621624 77 1204
414 315067 624603 72 1231
415 311757 627589 78 1238
416 308449 630607 79 1249
417 305119 633630 83 1234
418 301803 636671 70 1198
419 298452 639715 66 1191
420 295080 642788 80 1187
421 291726 645845 84 1177
422 288365 648913 85 1181
423 284988 651977 76 1192
424 281586 655085 72 1205
425 278214 658184 61 1196
426 274823 661270 61 1209
427 271413 664360 75 1193
428 267977 667489 74 1203
429 264580 670618 70 1191
430 261167 673708 67 1212
431 257706 676865 64 1213
432 254259 680002 81 1198
433 250842 683108 82 1236
434 247358 686293 69 1222
435 243858 689510 76 1191
436 240421 692657 74 1190
437 236897 695903 70 1162
438 233407 699096 82 1135
439 229917 702303 81 1143
440 226395 705490 82 1185
441 222893 708685 83 1209
442 219381 711905 71 1228
443 215830 715134 74 1263
444 212311 718335 75 1246
445 208747 721589 76 1249
446 205175 724822 91 1269
447 201618 728075 97 1248
448 198030 731357 98 1236
449 194462 734623 86 1241
450 190891 737879 89 1229
451 187282 741180 86 1242
452 183667 744505 80 1233
453 180067 747772 75 1257
454 176428 751087 73 1271
455 172797 754398 79 1274
456 169174 757711 75 1292
457 165523 761055 65 1271
458 161918 764339 73 1258
459 158267 767660 75 1272
460 154506 771059 90 1305
461 150885 774366 100 1292
462 147193 777728 105 1304
463 143466 781107 99 1330
464 139790 784464 78 1323
465 136073 787871 75 1332
466 132383 791271 65 1307
467 128627 794728 63 1254
468 124905 798139 75 1213
469 121144 801540 79 1256
470 117402 804934 89 1294
471 113651 808333 90 1344
472 109901 811792 81 1345
473 106120 815238 79 1326
474 102391 818647 79 1308
475 98582 822123 73 1296
476 94784 825567 77 1346
477 90951 829081 75 1330
478 87141 832541 76 1359
479 83329 836025 80 1344
480 79481 839543 100 1304
481 75633 843053 89 1332
482 71786 846593 81 1298
483 67939 850114 81 1300
484 64093 853630 83 1318
485 60226 857134 89 1326
486 56345 860692 77 1346
487 52458 864233 83 1360
488 48579 867795 85 1347
489 44685 871358 84 1322
490 40754 874944 90 1326
491 36873 878479 92 1330
492 32917 882103 80 1359
493 28992 885680 79 1376
494 25069 889222 82 1415
495 21085 892858 86 1415
496 17129 896420 93 1458
497 13161 900026 88 1476
498 9171 903684 77 1441
499 5214 907297 74 1444
500 2790 908387 1076 1389
501 2263 908801 1165 1046
502 1891 909507 814 720
503 1588 910169 436 392
504 1339 910767 79 68
505 1111 911009 44 65
506 907 911208 38 59
507 715 911393 30 55
508 561 911543 23 58
509 416 911685 17 46
510 296 911794 24 39
511 203 911883 21 31
512 128 911959 17 23
513 67 912015 17 19
514 25 912056 15 18
515 3 912077 12 15
516 0 912082 10 12
517 0 912090 2 7
518 0 912090 2 4
519 0 912092 0 0
520 0 912092 0 0
521 0 912092 0 0
522 0 912092 0 0
523 0 912092 0 0
524 0 912092 0 0
525 0 912092 0 0
526 0 912092 0 0
527 0 912092 0 0
528 0 912092 0 0
529 0 912092 0 0
530 0 912092 0 0
531 0 912092 0 0
532 0 912092 0 0
533 0 912092 0 0
534 0 912092 0 0
535 0 912092 0 0
536 0 912092 0 0
537 0 912092 0 0
538 0 912092 0 0
539 0 912092 0 0
540 0 912092 0 0
541 0 912092 0 0
542 0 912092 0 0
543 0 912092 0 0
544 0 912092 0 0
545 0 912092 0 0
546 0 912092 0 0
547 0 912092 0 0
548 0 912092 0 0
549 0 912092 0 0
550 0 912092 0 0
551 0 912092 0 0
552 0 912092 0 0
553 0 912092 0 0
554 0 912092 0 0
555 0 912092 0 0
556 0 912092 0 0
557 0 912092 0 0
558 0 912092 0 0
559 0 912092 0 0
560 0 912092 0 0
561 0 912092 0 0
562 0 912092 0 0
563 0 912092 0 0
564 0 912092 0 0
565 0 912092 0 0
566 0 912092 0 0
567 0 912092 0 0
568 0 912092 0 0
569 0 912092 0 0
570 0 912092 0 0
571 0 912092 0 0
572 0 912092 0 0
573 0 912092 0 0
574 0 912092 0 0
575 0 912092 0 0
576 0 912092 0 0
577 0 912092 0 0
578 0 912092 0 0
579 0 912092 0 0
580 0 912092 0 0
581 0 912092 0 0
582 0 912092 0 0
583 0 912092 0 0
584 0 912092 0 0
585 0 912092 0 0
586 0 912092 0 0
587 0 912092 0 0
588 0 912092 0 0
589 0 912092 0 0
590 0 912092 0 0
591 0 912092 0 0
592 0 912092 0 0
593 0 912092 0 0
594 0 912092 0 0
595 0 912092 0 0
596 0 912092 0 0
597 0 912092 0 0
598 0 912092 0 0
599 0 912092 0 0
600 0 912092 0 0
601 0 912092 0 0
602 0 912092 0 0
603 0 912092 0 0
604 0 912092 0 0
605 0 912092 0 0
606 0 912092 0 0
607 0 912092 0 0
608 0 912092 0 0
609 0 912092 0 0
610 0 912092 0 0
611 0 912092 0 0
612 0 912092 0 0
613 0 912092 0 0
614 0 912092 0 0
615 0 912092 0 0
616 0 912092 0 0
617 0 912092 0 0
618 0 912092 0 0
619 0 912092 0 0
620 0 912092 0 0
621 0 912092 0 0
622 0 912092 0 0
623 0 912092 0 0
624 0 912092 0 0
625 0 912092 0 0
626 0 912092 0 0
627 0 912092 0 0
628 0 912092 0 0
629 0 912092 0 0
630 0 912092 0 0
631 0 912092 0 0
632 0 912092 0 0
633 0 912092 0 0
634 0 912092 0 0
635 0 912092 0 0
636 0 912092 0 0
637 0 912092 0 0
638 0 912092 0 0
639 0 912092 0 0
640 0 912092 0 0
641 0 912092 0 0
642 0 912092 0 0
643 0 912092 0 0
644 0 912092 0 0
645 0 912092 0 0
646 0 912092 0 0
647 0 912092 0 0
648 0 912092 0 0
649 0 912092 0 0
650 0 912092 0 0
651 0 912092 0 0
652 0 912092 0 0
653 0 912092 0 0
654 0 912092 0 0
655 0 912092 0 0
656 0 912092 0 0
657 0 912092 0 0
658 0 912092 0 0
659 0 912092 0 0
660 0 912092 0 0
661 0 912092 0 0
662 0 912092 0 0
663 0 912092 0 0
664 0 912092 0 0
665 0 912092 0 0
666 0 912092 0 0
667 0 912092 0 0
668 0 912092 0 0
669 0 912092 0 0
670 0 912092 0 0
671 0 912092 0 0
672 0 912092 0 0
673 0 912092 0 0
674 0 912092 0 0
675 0 912092 0 0
676 0 912092 0 0
677 0 912092 0 0
678 0 912092 0 0
679 0 912092 0 0
680 0 912092 0 0
681 0 912092 0 0
682 0 912092 0 0
683 0 912092 0 0
684 0 912092 0 0
685 0 912092 0 0
686 0 912092 0 0
687 0 912092 0 0
688 0 912092 0 0
689 0 912092 0 0
690 0 912092 0 0
691 0 912092 0 0
692 0 912092 0 0
693 0 912092 0 0
694 0 912092 0 0
695 0 912092 0 0
696 0 912092 0 0
697 0 912092 0 0
698 0 912092 0 0
699 0 912092 0 0
700 0 912092 0 0
701 0 912092 0 0
702 0 912092 0 0
703 0 912092 0 0
704 0 912092 0 0
705 0 912092 0 0
706 0 912092 0 0
707 0 912092 0 0
708 0 912092 0 0
709 0 912092 0 0
710 0 912092 0 0
711 0 912092 0 0
712 0 912092 0 0
713 0 912092 0 0
714 0 912092 0 0
715 0 912092 0 0
716 0 912092 0 0
717 0 912092 0 0
718 0 912092 0 0
719 0 912092 0 0
720 0 912092 0 0
721 0 912092 0 0
722 0 912092 0 0
723 0 912092 0 0
724 0 912092 0 0
725 0 912092 0 0
726 0 912092 0 0
727 0 912092 0 0
728 0 912092 0 0
729 0 912092 0 0
730 0 912092 0 0
731 0 912092 0 0
732 0 912092 0 0
733 0 912092 0 0
734 0 912092 0 0
735 0 912092 0 0
736 0 912092 0 0
737 0 912092 0 0
738 0 912092 0 0
739 0 912092 0 0
740 0 912092 0 0
741 0 912092 0 0
742 0 912092 0 0
743 0 912092 0 0
744 0 912092 0 0
745 0 912092 0 0
746 0 912092 0 0
747 0 912092 0 0
748 0 912092 0 0
749 0 912092 0 0
750 0 912092 0 0
751 0 912092 0 0
752 0 912092 0 0
753 0 912092 0 0
754 0 912092 0 0
755 0 912092 0 0
756 0 912092 0 0
757 0 912092 0 0
758 0 912092 0 0
759 0 912092 0 0
760 0 912092 0 0
761 0 912092 0 0
762 0 912092 0 0
763 0 912092 0 0
764 0 912092 0 0
765 0 912092 0 0
766 0 912092 0 0
767 0 912092 0 0
768 0 912092 0 0
769 0 912092 0 0
770 0 912092 0 0
771 0 912092 0 0
772 0 912092 0 0
773 0 912092 0 0
774 0 912092 0 0
775 0 912092 0 0
776 0 912092 0 0
777 0 912092 0 0
778 0 912092 0 0
779 0 912092 0 0
780 0 912092 0 0
781 0 912092 0 0
782 0 912092 0 0
783 0 912092 0 0
784 0 912092 0 0
785 0 912092 0 0
786 0 912092 0 0
787 0 912092 0 0
788 0 912092 0 0
789 0 912092 0 0
790 0 912092 0 0
791 0 912092 0 0
792 0 912092 0 0
793 0 912092 0 0
794 0 912092 0 0
795 0 912092 0 0
796 0 912092 0 0
797 0 912092 0 0
798 0 912092 0 0
799 0 912092 0 0
800 0 912092 0 0
801 0 912092 0 0
802 0 912092 0 0
803 0 912092 0 0
804 0 912092 0 0
805 0 912092 0 0
806 0 912092 0 0
807 0 912092 0 0
808 0 912092 0 0
809 0 912092 0 0
810 0 912092 0 0
811 0 912092 0 0
812 0 912092 0 0
813 0 912092 0 0
814 0 912092 0 0
815 0 912092 0 0
816 0 912092 0 0
817 0 912092 0 0
818 0 912092 0 0
819 0 912092 0 0
820 0 912092 0 0
821 0 912092 0 0
822 0 912092 0 0
823 0 912092 0 0
824 0 912092 0 0
825 0 912092 0 0
826 0 912092 0 0
827 0 912092 0 0
828 0 912092 0 0
829 0 912092 0 0
830 0 912092 0 0
831 0 912092 0 0
832 0 912092 0 0
833 0 912092 0 0
834 0 912092 0 0
835 0 912092 0 0
836 0 912092 0 0
837 0 912092 0 0
838 0 912092 0 0
839 0 912092 0 0
840 0 912092 0 0
841 0 912092 0 0
842 0 912092 0 0
843 0 912092 0 0
844 0 912092 0 0
845 0 912092 0 0
846 0 912092 0 0
847 0 912092 0 0
848 0 912092 0 0
849 0 912092 0 0
850 0 912092 0 0
851 0 912092 0 0
852 0 912092 0 0
853 0 912092 0 0
854 0 912092 0 0
855 0 912092 0 0
856 0 912092 0 0
857 0 912092 0 0
858 0 912092 0 0
859 0 912092 0 0
860 0 912092 0 0
861 0 912092 0 0
862 0 912092 0 0
863 0 912092 0 0
864 0 912092 0 0
865 0 912092 0 0
866 0 912092 0 0
867 0 912092 0 0
868 0 912092 0 0
869 0 912092 0 0
870 0 912092 0 0
871 0 912092 0 0
872 0 912092 0 0
873 0 912092 0 0
874 0 912092 0 0
875 0 912092 0 0
876 0 912092 0 0
877 0 912092 0 0
878 0 912092 0 0
879 0 912092 0 0
880 0 912092 0 0
881 0 912092 0 0
882 0 912092 0 0
883 0 912092 0 0
884 0 912092 0 0
885 0 912092 0 0
886 0 912092 0 0
887 0 912092 0 0
888 0 912092 0 0
889 0 912092 0 0
890 0 912092 0 0
891 0 912092 0 0
892 0 912092 0 0
893 0 912092 0 0
894 0 912092 0 0
895 0 912092 0 0
896 0 912092 0 0
897 0 912092 0 0
898 0 912092 0 0
899 0 912092 0 0
900 0 912092 0 0
901 0 912092 0 0
902 0 912092 0 0
903 0 912092 0 0
904 0 912092 0 0
905 0 912092 0 0
906 0 912092 0 0
907 0 912092 0 0
908 0 912092 0 0
909 0 912092 0 0
910 0 912092 0 0
911 0 912092 0 0
912 0 912092 0 0
913 0 912092 0 0
914 0 912092 0 0
915 0 912092 0 0
916 0 912092 0 0
917 0 912092 0 0
918 0 912092 0 0
919 0 912092 0 0
920 0 912092 0 0
921 0 912092 0 0
922 0 912092 0 0
923 0 912092 0 0
924 0 912092 0 0
925 0 912092 0 0
926 0 912092 0 0
927 0 912092 0 0
928 0 912092 0 0
929 0 912092 0 0
930 0 912092 0 0
931 0 912092 0 0
932 0 912092 0 0
933 0 912092 0 0
934 0 912092 0 0
935 0 912092 0 0
936 0 912092 0 0
937 0 912092 0 0
938 0 912092 0 0
939 0 912092 0 0
940 0 912092 0 0
941 0 912092 0 0
942 0 912092 0 0
943 0 912092 0 0
944 0 912092 0 0
945 0 912092 0 0
946 0 912092 0 0
947 0 912092 0 0
948 0 912092 0 0
949 0 912092 0 0
950 0 912092 0 0
951 0 912092 0 0
952 0 912092 0 0
953 0 912092 0 0
954 0 912092 0 0
955 0 912092 0 0
956 0 912092 0 0
957 0 912092 0 0
958 0 912092 0 0
959 0 912092 0 0
960 0 912092 0 0
961 0 912092 0 0
962 0 912092 0 0
963 0 912092 0 0
964 0 912092 0 0
965 0 912092 0 0
966 0 912092 0 0
967 0 912092 0 0
968 0 912092 0 0
969 0 912092 0 0
970 0 912092 0 0
971 0 912092 0 0
972 0 912092 0 0
973 0 912092 0 0
974 0 912092 0 0
975 0 912092 0 0
976 0 912092 0 0
977 0 912092 0 0
978 0 912092 0 0
979 0 912092 0 0
980 0 912092 0 0
981 0 912092 0 0
982 0 912092 0 0
983 0 912092 0 0
984 0 912092 0 0
985 0 912092 0 0
986 0 912092 0 0
987 0 912092 0 0
988 0 912092 0 0
989 0 912092 0 0
990 0 912092 0 0
991 0 912092 0 0
992 0 912092 0 0
993 0 912092 0 0
994 0 912092 0 0
995 0 912092 0 0
996 0 912092 0 0
997 0 912092 0 0
998 0 912092 0 0
999 0 912092 0 0
1000 0 912092 0 0
