0 999999 1 0 0
1 999991 9 0 0
2 999975 23 0 2
3 999953 43 0 4
4 999923 72 0 5
5 999887 106 0 7
6 999839 151 0 8
7 999782 205 1 8
8 999718 267 1 9
9 999648 331 2 12
10 999571 405 1 13
11 999478 493 1 16
12 999389 572 2 23
13 999283 672 1 25
14 999175 767 2 33
15 999065 871 2 34
16 998937 991 4 31
17 998796 1120 5 35
18 998660 1245 5 34
19 998500 1390 6 42
20 998346 1531 4 51
21 998181 1687 2 51
22 998004 1852 2 52
23 997823 2016 2 55
24 997631 2190 1 59
25 997433 2369 2 66
26 997223 2557 4 74
27 997015 2748 3 75
28 996790 2955 3 74
29 996564 3161 3 76
30 996324 3383 2 75
31 996081 3601 0 84
32 995823 3837 1 87
33 995564 4073 4 87
34 995297 4316 7 89
35 995013 4579 6 84
36 994733 4826 6 96
37 994431 5106 7 97
38 994136 5375 5 104
39 993822 5653 4 119
40 993505 5948 4 108
41 993179 6249 7 109
42 992836 6560 6 114
43 992505 6862 4 108
44 992159 7184 5 109
45 991796 7509 7 123
46 991437 7821 11 133
47 991050 8169 12 140
48 990681 8511 10 146
49 990286 8874 9 143
50 989880 9240 8 141
51 989477 9614 8 132
52 989070 9985 9 138
53 988651 10360 9 149
54 988211 10759 13 145
55 987782 11151 13 153
56 987338 11561 12 153
57 986875 11982 10 153
58 986413 12418 6 146
59 985952 12829 8 157
60 985471 13265 9 166
61 984993 13707 8 159
62 984500 14159 9 169
63 983989 14612 13 175
64 983483 15080 15 167
65 982979 15542 13 174
66 982453 16025 8 182
67 981913 16516 8 177
68 981369 17006 12 191
69 980817 17524 9 184
70 980275 18018 11 182
71 979696 18537 14 190
72 979136 19044 14 193
73 978548 19574 18 210
74 977959 20110 20 215
75 977364 20658 17 208
76 976748 21231 14 201
77 976145 21783 12 200
78 975515 22368 12 194
79 974899 22925 9 206
80 974259 23501 12 221
81 973605 24092 14 229
82 972965 24670 14 246
83 972309 25271 11 242
84 971638 25886 13 235
85 970946 26528 16 221
86 970265 27134 20 230
87 969569 27778 21 223
88 968869 28428 19 221
89 968154 29080 19 237
90 967436 29743 18 222
91 966717 30408 17 226
92 965994 31079 16 227
93 965244 31760 16 233
94 964507 32437 14 239
95 963749 33130 20 243
96 962964 33838 26 261
97 962202 34539 23 256
98 961413 35277 19 249
99 960624 35987 17 271
100 959821 36721 14 272
101 959035 37428 15 286
102 958213 38190 14 292
103 957396 38937 15 280
104 956577 39682 21 276
105 955727 40440 27 284
106 954895 41209 25 288
107 954041 41987 25 295
108 953178 42777 20 305
109 952324 43569 18 283
110 951457 44364 22 286
111 950537 45220 29 267
112 949634 46018 27 296
113 948739 46835 24 313
114 947839 47657 22 325
115 946918 48511 21 336
116 945987 49363 25 304
117 945074 50200 19 305
118 944110 51087 23 298
119 943164 51946 26 314
120 942211 52817 20 327
121 941271 53673 15 334
122 940283 54582 17 338
123 939289 55476 21 350
124 938323 56345 24 356
125 937319 57274 20 346
126 936309 58192 19 362
127 935299 59111 17 359
128 934274 60063 16 339
129 933249 60988 19 357
130 932207 61937 24 352
131 931163 62880 26 358
132 930108 63832 27 386
133 929049 64778 28 401
134 927979 65764 26 399
135 926890 66747 23 409
136 925818 67742 20 387
137 924721 68744 19 371
138 923633 69715 24 397
139 922529 70728 25 378
140 921402 71764 25 389
141 920270 72804 21 389
142 919142 73834 22 374
143 917996 74887 23 376
144 916862 75906 26 397
145 915682 76983 30 400
146 914545 78022 29 402
147 913363 79100 26 417
148 912212 80140 22 420
149 911012 81250 21 412
150 909819 82344 25 408
151 908616 83445 30 398
152 907390 84587 33 364
153 906175 85694 30 384
154 904957 86816 21 394
155 903717 87943 24 407
156 902447 89111 27 425
157 901214 90224 29 432
158 899942 91379 24 449
159 898708 92505 22 449
160 897414 93691 23 457
161 896147 94844 32 444
162 894838 96033 35 439
163 893519 97231 36 449
164 892227 98394 32 475
165 890895 99623 28 477
166 889600 100810 31 465
167 888257 102046 36 447
168 886937 103237 37 442
169 885556 104528 27 435
170 884227 105743 27 444
171 882858 106983 30 468
172 881491 108230 31 459
173 880099 109480 33 499
174 878682 110775 38 502
175 877311 112040 31 489
176 875907 113326 21 498
177 874497 114604 20 491
178 873087 115891 21 496
179 871657 117192 21 512
180 870226 118483 21 524
181 868787 119780 24 530
182 867319 121128 30 522
183 865854 122459 34 523
184 864390 123798 29 513
185 862925 125142 23 501
186 861460 126456 26 535
187 859967 127812 28 540
188 858440 129185 35 557
189 856958 130538 36 558
190 855425 131917 42 558
191 853898 133328 35 546
192 852372 134723 35 530
193 850850 136131 32 519
194 849284 137559 29 512
195 847763 138945 26 527
196 846170 140398 35 527
197 844608 141844 39 522
198 843027 143304 43 498
199 841450 144751 49 484
200 839826 146251 36 490
201 838247 147677 32 535
202 836617 149160 26 571
203 834990 150649 29 582
204 833398 152090 27 598
205 831770 153583 31 572
206 830103 155105 36 559
207 828446 156611 39 572
208 826779 158129 43 564
209 825111 159678 32 563
210 823426 161204 34 580
211 821742 162702 32 620
212 820042 164267 26 616
213 818367 165804 33 617
214 816666 167366 33 599
215 814911 168956 35 574
216 813207 170526 29 573
217 811493 172088 31 592
218 809724 173715 31 595
219 807990 175312 31 569
220 806242 176902 36 582
221 804467 178531 32 582
222 802718 180111 27 614
223 800930 181716 29 658
224 799152 183332 31 665
225 797343 184980 34 673
226 795552 186598 41 665
227 793733 188270 36 636
228 791894 189941 35 645
229 790088 191578 35 656
230 788269 193237 34 651
231 786414 194911 38 676
232 784556 196605 40 669
233 782680 198298 47 676
234 780835 199960 43 702
235 778976 201663 41 683
236 777094 203355 50 702
237 775186 205095 53 691
238 773285 206803 52 698
239 771389 208524 45 722
240 769469 210289 49 692
241 767551 212032 45 706
242 765636 213800 44 660
243 763691 215572 31 664
244 761749 217339 31 688
245 759805 219106 34 683
246 757850 220855 40 735
247 755864 222698 41 691
248 753885 224505 40 689
249 751898 226292 41 714
250 749895 228110 41 699
251 747900 229937 42 724
252 745885 231781 41 723
253 743908 233561 48 714
254 741846 235425 56 719
255 739840 237255 52 732
256 737778 239131 47 751
257 735739 241006 45 727
258 733673 242906 42 706
259 731599 244793 45 710
260 729533 246667 41 715
261 727433 248590 44 723
262 725326 250479 48 768
263 723244 252392 48 753
264 721161 254305 45 730
265 719017 256266 47 737
266 716900 258206 41 706
267 714806 260106 42 730
268 712653 262111 47 700
269 710505 264060 45 720
270 708357 266015 46 729
271 706182 267986 40 746
272 704049 269931 32 799
273 701839 271955 30 786
274 699673 273938 34 773
275 697471 275957 45 735
276 695276 277981 47 708
277 693046 280018 51 709
278 690856 282000 54 735
279 688628 284053 48 744
280 686387 286109 56 752
281 684174 288115 59 767
282 681924 290192 46 748
283 679636 292278 55 760
284 677366 294329 62 795
285 675092 296398 53 805
286 672811 298497 48 806
287 670522 300573 48 826
288 668261 302618 44 834
289 665919 304778 51 795
290 663607 306896 55 798
291 661296 309006 57 784
292 658962 311157 52 752
293 656631 313297 57 763
294 654282 315437 53 786
295 651925 317590 48 796
296 649593 319695 63 820
297 647202 321863 59 861
298 644807 324067 56 842
299 642418 326261 62 822
300 640044 328429 60 818
301 637625 330640 63 796
302 635229 332818 60 823
303 632825 335014 58 844
304 630394 337240 57 842
305 627955 339464 57 852
306 625505 341693 63 846
307 623044 343939 61 853
308 620591 346181 48 871
309 618166 348375 46 889
310 615634 350684 42 901
311 613185 352901 43 915
312 610694 355194 47 885
313 608179 357476 50 882
314 605686 359751 55 868
315 603169 362046 59 855
316 600640 364357 55 883
317 598121 366643 58 883
318 595582 368970 55 885
319 593034 371290 48 902
320 590477 373623 55 897
321 587919 375955 56 892
322 585354 378297 47 909
323 582772 380643 49 908
324 580185 382985 55 930
325 577595 385362 53 920
326 575009 387748 56 885
327 572400 390092 56 916
328 569786 392473 43 923
329 567138 394889 43 940
330 564538 397239 49 987
331 561889 399633 54 972
332 559237 402052 52 961
333 556558 404500 61 951
334 553893 406920 65 948
335 551217 409342 63 954
336 548565 411764 62 950
337 545864 414248 56 951
338 543166 416659 57 996
339 540486 419100 55 981
340 537725 421589 58 1019
341 535007 424066 70 1025
342 532291 426539 61 991
343 529538 429050 64 989
344 526840 431545 59 928
345 524094 434085 58 906
346 521299 436661 61 870
347 518557 439163 61 871
348 515793 441697 67 887
349 512981 444273 78 905
350 510211 446813 71 926
351 507385 449413 70 913
352 504580 451970 72 935
353 501761 454531 65 975
354 498949 457094 67 985
355 496104 459684 77 1003
356 493270 462304 73 975
357 490419 464905 72 961
358 487555 467537 70 948
359 484714 470126 65 960
360 481816 472777 57 997
361 478922 475437 57 980
362 476024 478071 66 1001
363 473127 480679 77 1022
364 470260 483284 66 1040
365 467328 486015 55 1018
366 464427 488634 61 1039
367 461466 491312 57 1048
368 458549 493982 55 1024
369 455602 496668 61 1067
370 452631 499392 68 1031
371 449683 502091 70 991
372 446709 504832 57 988
373 443746 507519 54 1012
374 440778 510196 60 1057
375 437783 512927 65 1069
376 434780 515656 72 1090
377 431764 518411 68 1076
378 428760 521177 61 1036
379 425733 523949 62 1031
380 422705 526705 57 1041
381 419675 529503 55 1010
382 416592 532314 61 1031
383 413538 535084 62 1060
384 410476 537866 62 1063
385 407400 540688 66 1079
386 404334 543483 60 1090
387 401230 546333 63 1058
388 398113 549179 67 1045
389 395061 551961 62 1070
390 391929 554799 64 1085
391 388796 557627 70 1133
392 385683 560461 72 1143
393 382539 563357 70 1118
394 379399 566230 69 1094
395 376286 569083 69 1055
396 373074 572012 57 1073
397 369933 574872 63 1098
398 366760 577796 67 1075
399 363594 580673 73 1098
400 360390 583624 70 1059
401 357196 586517 70 1085
402 353972 589455 72 1124
403 350730 592416 83 1111
404 347530 595318 85 1151
405 344301 598260 89 1133
406 341056 601242 87 1114
407 337806 604208 91 1124
408 334553 607149 88 1143
409 331304 610112 72 1162
410 328014 613094 72 1205
411 324750 616095 65 1195
412 321465 619078 69 1178
413 318153 622090 75 1170
414 314851 625123 71 1135
415 311538 628153 70 1149
416 308250 631149 62 1151
417 304883 634193 70 1172
418 301568 637210 71 1196
419 298206 640299 65 1191
420 294867 643329 70 1195
421 291507 646376 79 1184
422 288161 649459 72 1157
423 284761 652560 76 1173
424 281379 655672 67 1148
425 278010 658755 59 1138
426 274574 661908 64 1146
427 271172 664991 73 1161
428 267803 668055 68 1192
429 264339 671235 72 1178
430 260900 674364 72 1210
431 257469 677478 74 1215
432 254023 680615 75 1213
433 250546 683799 73 1228
434 247109 686915 70 1242
435 243665 690089 65 1202
436 240174 693299 60 1180
437 236703 696453 76 1186
438 233151 699660 88 1195
439 229657 702853 87 1222
440 226165 706023 83 1262
441 222645 709248 77 1262
442 219099 712511 76 1213
443 215584 715694 73 1246
444 212028 718943 74 1226
445 208492 722209 68 1201
446 204932 725488 69 1197
447 201365 728719 77 1190
448 197831 731933 79 1202
449 194191 735253 81 1244
450 190616 738489 89 1295
451 187010 741752 93 1306
452 183395 745027 100 1321
453 179798 748314 86 1327
454 176177 751641 76 1300
455 172540 754928 76 1311
456 168900 758232 80 1310
457 165265 761529 83 1321
458 161611 764896 70 1317
459 157951 768190 70 1333
460 154284 771539 61 1328
461 150599 774876 69 1333
462 146916 778227 72 1362
463 143212 781588 76 1335
464 139522 784977 79 1306
465 135815 788354 73 1302
466 132094 791755 62 1304
467 128339 795165 72 1300
468 124637 798548 75 1318
469 120868 801953 86 1335
470 117133 805307 86 1385
471 113360 808743 79 1394
472 109572 812194 77 1417
473 105832 815591 76 1408
474 102054 819030 68 1374
475 98274 822506 73 1329
476 94471 825951 89 1332
477 90675 829447 93 1284
478 86841 832935 94 1282
479 83023 836422 100 1308
480 79216 839917 86 1292
481 75345 843462 76 1332
482 71491 846959 79 1341
483 67623 850464 81 1377
484 63791 854015 65 1348
485 59923 857502 85 1373
486 56053 861038 89 1349
487 52133 864588 95 1352
488 48284 868083 88 1416
489 44320 871710 73 1407
490 40439 875264 74 1403
491 36491 878843 68 1414
492 32584 882428 64 1379
493 28678 885990 62 1373
494 24699 889590 72 1416
495 20800 893161 83 1358
496 16840 896749 90 1397
497 12862 900378 95 1395
498 8892 904003 95 1371
499 4911 907655 92 1386
500 2479 908738 1058 1404
501 1976 909132 1143 1084
502 1656 909768 803 763
503 1376 910384 456 442
504 1125 910999 77 74
505 909 911238 42 62
506 710 911437 36 44
507 536 911609 27 44
508 392 911738 28 43
509 260 911870 22 37
510 161 911962 22 38
511 94 912028 16 34
512 44 912077 15 22
513 14 912106 13 19
514 0 912123 10 12
515 0 912126 7 5
516 0 912132 1 3
517 0 912132 1 0
518 0 912133 0 0
519 0 912133 0 0
520 0 912133 0 0
521 0 912133 0 0
522 0 912133 0 0
523 0 912133 0 0
524 0 912133 0 0
525 0 912133 0 0
526 0 912133 0 0
527 0 912133 0 0
528 0 912133 0 0
529 0 912133 0 0
530 0 912133 0 0
531 0 912133 0 0
532 0 912133 0 0
533 0 912133 0 0
534 0 912133 0 0
535 0 912133 0 0
536 0 912133 0 0
537 0 912133 0 0
538 0 912133 0 0
539 0 912133 0 0
540 0 912133 0 0
541 0 912133 0 0
542 0 912133 0 0
543 0 912133 0 0
544 0 912133 0 0
545 0 912133 0 0
546 0 912133 0 0
547 0 912133 0 0
548 0 912133 0 0
549 0 912133 0 0
550 0 912133 0 0
551 0 912133 0 0
552 0 912133 0 0
553 0 912133 0 0
554 0 912133 0 0
555 0 912133 0 0
556 0 912133 0 0
557 0 912133 0 0
558 0 912133 0 0
559 0 912133 0 0
560 0 912133 0 0
561 0 912133 0 0
562 0 912133 0 0
563 0 912133 0 0
564 0 912133 0 0
565 0 912133 0 0
566 0 912133 0 0
567 0 912133 0 0
568 0 912133 0 0
569 0 912133 0 0
570 0 912133 0 0
571 0 912133 0 0
572 0 912133 0 0
573 0 912133 0 0
574 0 912133 0 0
575 0 912133 0 0
576 0 912133 0 0
577 0 912133 0 0
578 0 912133 0 0
579 0 912133 0 0
580 0 912133 0 0
581 0 912133 0 0
582 0 912133 0 0
583 0 912133 0 0
584 0 912133 0 0
585 0 912133 0 0
586 0 912133 0 0
587 0 912133 0 0
588 0 912133 0 0
589 0 912133 0 0
590 0 912133 0 0
591 0 912133 0 0
592 0 912133 0 0
593 0 912133 0 0
594 0 912133 0 0
595 0 912133 0 0
596 0 912133 0 0
597 0 912133 0 0
598 0 912133 0 0
599 0 912133 0 0
600 0 912133 0 0
601 0 912133 0 0
602 0 912133 0 0
603 0 912133 0 0
604 0 912133 0 0
605 0 912133 0 0
606 0 912133 0 0
607 0 912133 0 0
608 0 912133 0 0
609 0 912133 0 0
610 0 912133 0 0
611 0 912133 0 0
612 0 912133 0 0
613 0 912133 0 0
614 0 912133 0 0
615 0 912133 0 0
616 0 912133 0 0
617 0 912133 0 0
618 0 912133 0 0
619 0 912133 0 0
620 0 912133 0 0
621 0 912133 0 0
622 0 912133 0 0
623 0 912133 0 0
624 0 912133 0 0
625 0 912133 0 0
626 0 912133 0 0
627 0 912133 0 0
628 0 912133 0 0
629 0 912133 0 0
630 0 912133 0 0
631 0 912133 0 0
632 0 912133 0 0
633 0 912133 0 0
634 0 912133 0 0
635 0 912133 0 0
636 0 912133 0 0
637 0 912133 0 0
638 0 912133 0 0
639 0 912133 0 0
640 0 912133 0 0
641 0 912133 0 0
642 0 912133 0 0
643 0 912133 0 0
644 0 912133 0 0
645 0 912133 0 0
646 0 912133 0 0
647 0 912133 0 0
648 0 912133 0 0
649 0 912133 0 0
650 0 912133 0 0
651 0 912133 0 0
652 0 912133 0 0
653 0 912133 0 0
654 0 912133 0 0
655 0 912133 0 0
656 0 912133 0 0
657 0 912133 0 0
658 0 912133 0 0
659 0 912133 0 0
660 0 912133 0 0
661 0 912133 0 0
662 0 912133 0 0
663 0 912133 0 0
664 0 912133 0 0
665 0 912133 0 0
666 0 912133 0 0
667 0 912133 0 0
668 0 912133 0 0
669 0 912133 0 0
670 0 912133 0 0
671 0 912133 0 0
672 0 912133 0 0
673 0 912133 0 0
674 0 912133 0 0
675 0 912133 0 0
676 0 912133 0 0
677 0 912133 0 0
678 0 912133 0 0
679 0 912133 0 0
680 0 912133 0 0
681 0 912133 0 0
682 0 912133 0 0
683 0 912133 0 0
684 0 912133 0 0
685 0 912133 0 0
686 0 912133 0 0
687 0 912133 0 0
688 0 912133 0 0
689 0 912133 0 0
690 0 912133 0 0
691 0 912133 0 0
692 0 912133 0 0
693 0 912133 0 0
694 0 912133 0 0
695 0 912133 0 0
696 0 912133 0 0
697 0 912133 0 0
698 0 912133 0 0
699 0 912133 0 0
700 0 912133 0 0
701 0 912133 0 0
702 0 912133 0 0
703 0 912133 0 0
704 0 912133 0 0
705 0 912133 0 0
706 0 912133 0 0
707 0 912133 0 0
708 0 912133 0 0
709 0 912133 0 0
710 0 912133 0 0
711 0 912133 0 0
712 0 912133 0 0
713 0 912133 0 0
714 0 912133 0 0
715 0 912133 0 0
716 0 912133 0 0
717 0 912133 0 0
718 0 912133 0 0
719 0 912133 0 0
720 0 912133 0 0
721 0 912133 0 0
722 0 912133 0 0
723 0 912133 0 0
724 0 912133 0 0
725 0 912133 0 0
726 0 912133 0 0
727 0 912133 0 0
728 0 912133 0 0
729 0 912133 0 0
730 0 912133 0 0
731 0 912133 0 0
732 0 912133 0 0
733 0 912133 0 0
734 0 912133 0 0
735 0 912133 0 0
736 0 912133 0 0
737 0 912133 0 0
738 0 912133 0 0
739 0 912133 0 0
740 0 912133 0 0
741 0 912133 0 0
742 0 912133 0 0
743 0 912133 0 0
744 0 912133 0 0
745 0 912133 0 0
746 0 912133 0 0
747 0 912133 0 0
748 0 912133 0 0
749 0 912133 0 0
750 0 912133 0 0
751 0 912133 0 0
752 0 912133 0 0
753 0 912133 0 0
754 0 912133 0 0
755 0 912133 0 0
756 0 912133 0 0
757 0 912133 0 0
758 0 912133 0 0
759 0 912133 0 0
760 0 912133 0 0
761 0 912133 0 0
762 0 912133 0 0
763 0 912133 0 0
764 0 912133 0 0
765 0 912133 0 0
766 0 912133 0 0
767 0 912133 0 0
768 0 912133 0 0
769 0 912133 0 0
770 0 912133 0 0
771 0 912133 0 0
772 0 912133 0 0
773 0 912133 0 0
774 0 912133 0 0
775 0 912133 0 0
776 0 912133 0 0
777 0 912133 0 0
778 0 912133 0 0
779 0 912133 0 0
780 0 912133 0 0
781 0 912133 0 0
782 0 912133 0 0
783 0 912133 0 0
784 0 912133 0 0
785 0 912133 0 0
786 0 912133 0 0
787 0 912133 0 0
788 0 912133 0 0
789 0 912133 0 0
790 0 912133 0 0
791 0 912133 0 0
792 0 912133 0 0
793 0 912133 0 0
794 0 912133 0 0
795 0 912133 0 0
796 0 912133 0 0
797 0 912133 0 0
798 0 912133 0 0
799 0 912133 0 0
800 0 912133 0 0
801 0 912133 0 0
802 0 912133 0 0
803 0 912133 0 0
804 0 912133 0 0
805 0 912133 0 0
806 0 912133 0 0
807 0 912133 0 0
808 0 912133 0 0
809 0 912133 0 0
810 0 912133 0 0
811 0 912133 0 0
812 0 912133 0 0
813 0 912133 0 0
814 0 912133 0 0
815 0 912133 0 0
816 0 912133 0 0
817 0 912133 0 0
818 0 912133 0 0
819 0 912133 0 0
820 0 912133 0 0
821 0 912133 0 0
822 0 912133 0 0
823 0 912133 0 0
824 0 912133 0 0
825 0 912133 0 0
826 0 912133 0 0
827 0 912133 0 0
828 0 912133 0 0
829 0 912133 0 0
830 0 912133 0 0
831 0 912133 0 0
832 0 912133 0 0
833 0 912133 0 0
834 0 912133 0 0
835 0 912133 0 0
836 0 912133 0 0
837 0 912133 0 0
838 0 912133 0 0
839 0 912133 0 0
840 0 912133 0 0
841 0 912133 0 0
842 0 912133 0 0
843 0 912133 0 0
844 0 912133 0 0
845 0 912133 0 0
846 0 912133 0 0
847 0 912133 0 0
848 0 912133 0 0
849 0 912133 0 0
850 0 912133 0 0
851 0 912133 0 0
852 0 912133 0 0
853 0 912133 0 0
854 0 912133 0 0
855 0 912133 0 0
856 0 912133 0 0
857 0 912133 0 0
858 0 912133 0 0
859 0 912133 0 0
860 0 912133 0 0
861 0 912133 0 0
862 0 912133 0 0
863 0 912133 0 0
864 0 912133 0 0
865 0 912133 0 0
866 0 912133 0 0
867 0 912133 0 0
868 0 912133 0 0
869 0 912133 0 0
870 0 912133 0 0
871 0 912133 0 0
872 0 912133 0 0
873 0 912133 0 0
874 0 912133 0 0
875 0 912133 0 0
876 0 912133 0 0
877 0 912133 0 0
878 0 912133 0 0
879 0 912133 0 0
880 0 912133 0 0
881 0 912133 0 0
882 0 912133 0 0
883 0 912133 0 0
884 0 912133 0 0
885 0 912133 0 0
886 0 912133 0 0
887 0 912133 0 0
888 0 912133 0 0
889 0 912133 0 0
890 0 912133 0 0
891 0 912133 0 0
892 0 912133 0 0
893 0 912133 0 0
894 0 912133 0 0
895 0 912133 0 0
896 0 912133 0 0
897 0 912133 0 0
898 0 912133 0 0
899 0 912133 0 0
900 0 912133 0 0
901 0 912133 0 0
902 0 912133 0 0
903 0 912133 0 0
904 0 912133 0 0
905 0 912133 0 0
906 0 912133 0 0
907 0 912133 0 0
908 0 912133 0 0
909 0 912133 0 0
910 0 912133 0 0
911 0 912133 0 0
912 0 912133 0 0
913 0 912133 0 0
914 0 912133 0 0
915 0 912133 0 0
916 0 912133 0 0
917 0 912133 0 0
918 0 912133 0 0
919 0 912133 0 0
920 0 912133 0 0
921 0 912133 0 0
922 0 912133 0 0
923 0 912133 0 0
924 0 912133 0 0
925 0 912133 0 0
926 0 912133 0 0
927 0 912133 0 0
928 0 912133 0 0
929 0 912133 0 0
930 0 912133 0 0
931 0 912133 0 0
932 0 912133 0 0
933 0 912133 0 0
934 0 912133 0 0
935 0 912133 0 0
936 0 912133 0 0
937 0 912133 0 0
938 0 912133 0 0
939 0 912133 0 0
940 0 912133 0 0
941 0 912133 0 0
942 0 912133 0 0
943 0 912133 0 0
944 0 912133 0 0
945 0 912133 0 0
946 0 912133 0 0
947 0 912133 0 0
948 0 912133 0 0
949 0 912133 0 0
950 0 912133 0 0
951 0 912133 0 0
952 0 912133 0 0
953 0 912133 0 0
954 0 912133 0 0
955 0 912133 0 0
956 0 912133 0 0
957 0 912133 0 0
958 0 912133 0 0
959 0 912133 0 0
960 0 912133 0 0
961 0 912133 0 0
962 0 912133 0 0
963 0 912133 0 0
964 0 912133 0 0
965 0 912133 0 0
966 0 912133 0 0
967 0 912133 0 0
968 0 912133 0 0
969 0 912133 0 0
970 0 912133 0 0
971 0 912133 0 0
972 0 912133 0 0
973 0 912133 0 0
974 0 912133 0 0
975 0 912133 0 0
976 0 912133 0 0
977 0 912133 0 0
978 0 912133 0 0
979 0 912133 0 0
980 0 912133 0 0
981 0 912133 0 0
982 0 912133 0 0
983 0 912133 0 0
984 0 912133 0 0
985 0 912133 0 0
986 0 912133 0 0
987 0 912133 0 0
988 0 912133 0 0
989 0 912133 0 0
990 0 912133 0 0
991 0 912133 0 0
992 0 912133 0 0
993 0 912133 0 0
994 0 912133 0 0
995 0 912133 0 0
996 0 912133 0 0
997 0 912133 0 0
998 0 912133 0 0
999 0 912133 0 0
1000 0 912133 0 0
